udhayak,2025-03-02 07:50:45
udhayak,2025-03-02 07:50:47
udhayak,2025-03-02 07:50:48
udhayak,2025-03-02 12:07:30
udhayak,2025-03-02 12:07:31
udhayak,2025-03-02 12:07:33
udhayak,2025-03-02 12:07:34
udhayak,2025-03-02 12:07:35
udhayak,2025-03-02 12:08:13
udhayak,2025-03-02 12:08:14
udhayak,2025-03-02 12:08:15
udhayak,2025-03-02 12:08:16
udhayak,2025-03-02 12:08:23
udhayak,2025-03-02 12:08:24
udhayak,2025-03-02 12:08:25
udhayak,2025-03-02 12:08:25
udhayak,2025-03-02 12:08:26
udhayak,2025-03-02 12:08:27
udhayak,2025-03-02 12:08:28
udhayak,2025-03-02 12:08:29
udhayak,2025-03-02 12:08:30
udhayak,2025-03-02 12:08:30
udhayak,2025-03-02 12:08:31
udhayak,2025-03-02 12:08:32
udhayak,2025-03-02 12:08:33
udhayak,2025-03-02 12:08:34
udhayak,2025-03-02 12:08:34
udhayak,2025-03-02 12:08:35
udhayak,2025-03-02 12:08:36
udhayak,2025-03-02 12:08:37
udhayak,2025-03-02 12:08:38
udhayak,2025-03-02 12:08:39
udhayak,2025-03-02 12:08:39
udhayak,2025-03-02 12:08:40
udhayak,2025-03-02 12:08:41
udhayak,2025-03-02 12:08:42
udhayak,2025-03-02 12:08:43
udhayak,2025-03-02 12:08:44
udhayak,2025-03-02 12:08:44
udhayak,2025-03-02 12:08:45
udhayak,2025-03-02 12:08:46
udhayak,2025-03-02 12:08:47
udhayak,2025-03-02 12:08:48
udhayak,2025-03-02 12:08:49
udhayak,2025-03-02 12:08:50
udhayak,2025-03-02 12:08:50
udhayak,2025-03-02 12:08:51
udhayak,2025-03-02 12:08:52
udhayak,2025-03-02 12:08:53
udhayak,2025-03-02 12:08:54
udhayak,2025-03-02 12:08:55
udhayak,2025-03-02 12:08:56
udhayak,2025-03-02 12:08:57
udhayak,2025-03-02 12:08:58
udhayak,2025-03-02 12:08:59
